TP-Request-Time: 60
Hub-Folder-Name: ''
warp-fly: 55.739952087402344&167.0&341.0137634277344&world
warp-fly2: 54.98810577392578&348.2931213378906&341.9991760253906&world
warp-elytra: 115.76712036132812&212.0&354.78326416015625&world
warp-shop: 95.67079162597656&18.62354278564453&316.4179992675781&world
warp-sapwn: 110.29300689697266&78.1633071899414&336.1710205078125&world
warp-crate: 113.2834701538086&73.0&301.97161865234375&world
